MAN-MADE THERMAL OBJECT COORDINATES
===================================
Total objects: 132
Format: Object_ID, Center_X, Center_Y, Size_pixels, Avg_Temperature

  1,  1730,   176,    120,  46874.6, INDUSTRIAL
  2,  2166,   279,    100,  46693.3, INDUSTRIAL
  3,  1689,   295,    228,  47064.6, INDUSTRIAL
  4,  2108,   304,    151,  46887.6, INDUSTRIAL
  5,  2051,   311,    127,  46799.9, INDUSTRIAL
  6,  1715,   328,    302,  46892.7, INDUSTRIAL
  7,  1536,   380,    140,  46834.9, INDUSTRIAL
  8,  2912,   414,    128,  46975.0, INDUSTRIAL
  9,  3112,   411,    148,  46740.0, INDUSTRIAL
 10,  3153,   437,    115,  46865.9, INDUSTRIAL
 11,  3295,   447,    129,  46762.8, INDUSTRIAL
 12,  3251,   484,    329,  47016.7, INDUSTRIAL
 13,  2801,   488,    179,  46961.6, INDUSTRIAL
 14,  1940,   523,    114,  46691.9, INDUSTRIAL
 15,  1970,   529,    140,  46766.7, INDUSTRIAL
 16,  2328,   548,    198,  47055.7, INDUSTRIAL
 17,  3119,   553,    153,  47048.8, INDUSTRIAL
 18,  3201,   552,    117,  46993.4, INDUSTRIAL
 19,  1937,   593,    136,  46799.1, INDUSTRIAL
 20,  2875,   596,    106,  47280.7, INDUSTRIAL
 21,  3265,   605,    159,  46864.8, INDUSTRIAL
 22,  2623,   618,    172,  46941.6, INDUSTRIAL
 23,  3099,   627,    215,  46968.1, INDUSTRIAL
 24,  3232,   630,    113,  46722.2, INDUSTRIAL
 25,  3175,   643,    231,  46895.1, INDUSTRIAL
 26,  3540,   652,    603,  47236.2, INDUSTRIAL
 27,  3169,   681,    371,  47152.7, INDUSTRIAL
 28,  2714,   778,    147,  47180.0, INDUSTRIAL
 29,  2760,   793,    139,  47077.1, INDUSTRIAL
 30,  3231,   806,    134,  46751.1, INDUSTRIAL
 31,  2696,   805,    104,  46834.1, INDUSTRIAL
 32,  2683,   822,    236,  47370.5, INDUSTRIAL
 33,  2246,   866,    141,  47097.3, INDUSTRIAL
 34,  2684,   870,    134,  47157.8, INDUSTRIAL
 35,  2144,   881,    145,  47080.7, INDUSTRIAL
 36,  2223,   885,    149,  47005.8, INDUSTRIAL
 37,  2247,   886,    148,  46851.9, INDUSTRIAL
 38,  2102,   891,    170,  47185.0, INDUSTRIAL
 39,  2628,   900,    105,  47019.5, INDUSTRIAL
 40,  2598,  1075,    218,  47184.6, INDUSTRIAL
 41,  3052,  1094,    109,  47093.5, INDUSTRIAL
 42,  1654,  1103,    175,  47068.6, INDUSTRIAL
 43,  4464,  1669,    230,  47123.7, INDUSTRIAL
 44,  3185,  1691,    123,  46835.1, INDUSTRIAL
 45,  3209,  1697,    163,  46858.3, INDUSTRIAL
 46,  4966,  1704,    162,  46884.2, INDUSTRIAL
 47,  5026,  1725,    186,  46915.5, INDUSTRIAL
 48,  3276,  1734,    145,  46903.1, INDUSTRIAL
 49,  5003,  1756,    102,  46756.1, INDUSTRIAL
 50,  3846,  1766,    393,  46835.6, INDUSTRIAL
 51,  4973,  1796,    463,  46932.4, INDUSTRIAL
 52,  3071,  1788,    123,  46938.9, INDUSTRIAL
 53,  5018,  1814,    600,  46873.1, INDUSTRIAL
 54,  4933,  1816,    164,  46906.2, INDUSTRIAL
 55,  4980,  1848,    153,  46841.5, INDUSTRIAL
 56,  4951,  1873,    167,  46748.4, INDUSTRIAL
 57,  3748,  1953,    187,  46837.3, INDUSTRIAL
 58,  3728,  1959,    197,  46823.6, INDUSTRIAL
 59,  3754,  1978,    332,  46914.0, INDUSTRIAL
 60,  3706,  1993,    114,  46766.4, INDUSTRIAL
 61,  2985,  1996,    131,  46725.6, INDUSTRIAL
 62,  3044,  2026,    220,  46730.1, INDUSTRIAL
 63,  4410,  2026,    179,  46777.9, INDUSTRIAL
 64,  2939,  2035,    150,  46866.4, INDUSTRIAL
 65,  3013,  2042,    238,  46708.9, INDUSTRIAL
 66,  3050,  2066,    125,  46800.5, INDUSTRIAL
 67,  3235,  2082,    612,  46890.1, INDUSTRIAL
 68,  3116,  2087,    106,  46914.7, INDUSTRIAL
 69,  2882,  2101,    179,  46911.3, INDUSTRIAL
 70,  2948,  2101,    103,  46794.5, INDUSTRIAL
 71,  3666,  2101,    108,  46754.4, INDUSTRIAL
 72,  3349,  2112,    125,  46747.4, INDUSTRIAL
 73,  3057,  2116,    330,  47036.3, INDUSTRIAL
 74,  3116,  2130,    302,  46847.5, INDUSTRIAL
 75,  2947,  2144,    166,  46800.9, INDUSTRIAL
 76,  2905,  2151,    288,  46877.3, INDUSTRIAL
 77,  3032,  2152,    169,  46980.5, INDUSTRIAL
 78,  3051,  2150,    150,  46973.4, INDUSTRIAL
 79,  3077,  2153,    180,  46790.1, INDUSTRIAL
 80,  2842,  2156,    108,  46898.2, INDUSTRIAL
 81,  3010,  2166,    127,  46873.7, INDUSTRIAL
 82,  2975,  2175,    199,  46827.3, INDUSTRIAL
 83,  3492,  2201,    142,  46682.2, INDUSTRIAL
 84,  3009,  2225,    680,  47054.5, INDUSTRIAL
 85,  3278,  2225,    110,  46833.7, INDUSTRIAL
 86,  3448,  2259,    137,  46795.7, INDUSTRIAL
 87,  3064,  2273,    588,  47090.6, INDUSTRIAL
 88,  5133,  2278,    155,  48161.6, INDUSTRIAL
 89,  3262,  2300,    345,  46869.1, INDUSTRIAL
 90,  2697,  2298,    179,  47089.0, INDUSTRIAL
 91,  3089,  2318,    794,  46984.7, INDUSTRIAL
 92,  2479,  2314,    160,  46828.9, INDUSTRIAL
 93,  2485,  2333,    392,  46849.0, INDUSTRIAL
 94,  2667,  2342,    160,  46923.6, INDUSTRIAL
 95,  2540,  2346,    104,  46826.5, INDUSTRIAL
 96,  2464,  2363,    408,  46929.6, INDUSTRIAL
 97,  2393,  2366,     99,  47106.8, INDUSTRIAL
 98,  2293,  2371,    244,  47036.6, INDUSTRIAL
 99,  3646,  2378,    150,  46785.1, INDUSTRIAL
100,  2482,  2378,    143,  46837.8, INDUSTRIAL
101,  2383,  2397,    386,  46956.5, INDUSTRIAL
102,  2530,  2442,    446,  47512.2, INDUSTRIAL
103,  2452,  2464,    123,  46763.9, INDUSTRIAL
104,  2885,  2479,    126,  46830.6, INDUSTRIAL
105,  2447,  2497,    411,  46972.2, INDUSTRIAL
106,  2320,  2535,    103,  46828.2, INDUSTRIAL
107,  2868,  2699,    163,  46939.3, INDUSTRIAL
108,  2951,  2729,    166,  46822.7, INDUSTRIAL
109,  3343,  2837,    104,  46880.6, INDUSTRIAL
110,  3374,  2849,    140,  46805.4, INDUSTRIAL
111,  3191,  2998,    164,  47081.2, INDUSTRIAL
112,  3633,  3334,    101,  46842.1, INDUSTRIAL
113,  3749,  3360,    108,  48903.0, INDUSTRIAL
114,  3185,  3373,    116,  46780.0, INDUSTRIAL
115,  1146,  3735,    372,  46947.8, INDUSTRIAL
116,  1152,  3773,    108,  46814.1, INDUSTRIAL
117,  1353,  3781,    277,  46904.4, INDUSTRIAL
118,  1105,  3836,    300,  46900.6, INDUSTRIAL
119,   846,  3846,    107,  46983.9, INDUSTRIAL
120,  1037,  3856,    627,  46879.5, INDUSTRIAL
121,   937,  3858,    134,  46889.6, INDUSTRIAL
122,   810,  3869,    103,  46976.9, INDUSTRIAL
123,  1117,  3874,    200,  47088.3, INDUSTRIAL
124,   810,  3896,    521,  47307.2, INDUSTRIAL
125,   842,  3905,    311,  47215.6, INDUSTRIAL
126,   935,  3905,    266,  46821.2, INDUSTRIAL
127,   977,  3896,    107,  46856.4, INDUSTRIAL
128,   867,  3904,    150,  46897.0, INDUSTRIAL
129,   783,  3908,    100,  46809.0, INDUSTRIAL
130,  2320,  3973,    118,  47005.2, INDUSTRIAL
131,  2361,  3987,    152,  46776.6, INDUSTRIAL
132,  2940,  4207,    281,  47713.8, INDUSTRIAL
